MSE_discrete = 0.349898336884 MSE_sample >= 0.349898336884
MSE_discrete = 0.349898336884 MSE_sample >= 0.349898336884
